2X2地磚,0,0,1000,說明要自己寫，按[確定]鈕後才能保存
L形人行道磚,0,0,100,
S形人行道磚,0,0,100,
編織材料,0,0,500,
編織花紋,0,0,200,
編織金屬網,0,0,500,
玻璃,0,0,100,
玻璃1,0,0,100,
玻璃2,0,0,100,
玻璃影1,0,0,500,
玻璃影2,0,0,500,
玻璃磚牆,0,0,100,
草坪或沼澤,0,0,100,
窗花1,0,0,500,
窗花2,0,0,1000,
窗花3,0,0,1000,
窗花4,0,0,1000,
大理石,0,0,500,
大理石2,0,0,1000,
大理石3,0,0,1000,
大理石4,0,0,1000,
地板1,0,0,1000,
地板2,0,0,1000,
地板3,0,0,1000,
地板4,0,0,1000,
多孔材料,0,0,100,
鵝卵石,0,0,1000,
防水材料,0,0,100,
粉刷,0,0,100,
鋼筋混凝土,0,0,100,
隔熱材料01,0,0,1000,
隔熱材料02,0,0,1000,
隔熱材料03,0,0,1000,
夯實土壤,0,0,100,
混凝土,0,0,100,
加氣混凝土,0,0,100,
膠合板,0,0,100,
膠合板1,0,0,1000,
焦渣礦渣,0,0,100,
金屬,0,0,100,
矩形格條面板,0,0,100,
空心磚,0,0,100,
離散材料,0,0,100,
立面磚1,0,0,500,
立面磚2,0,0,1000,
立面磚240,0,0,500,
立面磚3,0,0,1000,
立面磚4,0,0,1000,
立面磚5,0,0,1000,
礫石鋪砌,0,0,100,
菱形金屬網,0,0,500,
卵石1,0,0,200,
卵石2,0,0,1000,
卵石3,0,0,1000,
毛石,0,0,100,
毛石2,0,0,1000,
茅草屋面,0,0,100,
木板,0,0,100,
木材,0,0,100,
木材2,0,0,1000,
木地板,0,0,100,
木地板1,0,0,100,
木紋,0,0,500,
木紋1,0,0,1000,
木紋2,0,0,1000,
木紋3,0,0,1000,
木紋4,0,0,200,
木紋5,0,0,200,
木紋6,0,0,500,
耐火磚,0,0,100,
片石牆,0,0,1000,
拚花地磚01,0,0,100,
拼花地磚02,0,0,100,
拼花地磚03,0,0,100,
平鋪磚,0,0,100,
鋪地1,0,0,1000,
鋪地11,0,0,1000,
鋪地12,0,0,1000,
鋪地13,0,0,1000,
鋪地14,0,0,1000,
鋪地15,0,0,1000,
鋪地2,0,0,1000,
鋪地3,0,0,1000,
鋪地4,0,0,1000,
普通磚,0,0,100,
牆紙1,0,0,1000,
牆紙2,0,0,200,
人字花紋,0,0,100,
人字形人行道磚,0,0,100,
砂灰土,0,0,100,
砂石碎磚,0,0,100,
十字花紋,0,0,100,
石板屋面,0,0,100,
石膏板,0,0,100,
實木地板,0,0,100,
飾面磚,0,0,100,
豎砌石材,0,0,200,
豎砌磚牆,0,0,200,
水,0,0,100,
鬆散材料,0,0,100,
塑料,0,0,100,
天然石材,0,0,100,
條板欄杆,0,0,100,
鐵藝花格網,0,0,100,
土壤,0,0,100,
彎瓦屋面,0,0,100,
網狀材料,0,0,100,
文化石1,0,0,500,
文化石2,0,0,1000,
文化石3,0,0,500,
西班牙屋面,0,0,100,
纖維材料,0,0,100,
橡膠,0,0,100,
虛線方格,0,0,100,
圓形花紋,0,0,100,
正方形花紋,0,0,100,
